[gd_scene load_steps=11 format=2]

[ext_resource path="res://objects/gun_bullet.tscn" type="PackedScene" id=1]
[ext_resource path="res://objects/gun.tscn" type="PackedScene" id=2]
[ext_resource path="res://objects/barrel.tscn" type="PackedScene" id=3]
[ext_resource path="res://objects/rock_block.tscn" type="PackedScene" id=4]
[ext_resource path="res://objects/gate.tscn" type="PackedScene" id=5]
[ext_resource path="res://scenery.gd" type="Script" id=6]
[ext_resource path="res://objects/mountain.tscn" type="PackedScene" id=7]
[ext_resource path="res://objects/river.tscn" type="PackedScene" id=8]

[sub_resource type="BoxShape" id=2]
extents = Vector3( 1, 1, 2.25949 )

[sub_resource type="BoxShape" id=3]
extents = Vector3( 1.68177, 1, 2.92492 )

[node name="Scenery" type="Spatial"]
script = ExtResource( 6 )

[node name="gun2" parent="." instance=ExtResource( 2 )]
transform = Transform( -1.92952, 0, -3.50385, 0, 4, 0, 3.50385, 0, -1.92952, -15.2777, 0.144138, -9.51609 )

[node name="gun_bullet" parent="gun2" instance=ExtResource( 1 )]
transform = Transform( 1, 0, -2.98023e-08, 0, 1, 0, 2.98023e-08, 0, 1, -0.699469, -0.0880954, -0.553916 )

[node name="gun_bullet" parent="gun2/gun_bullet" instance=ExtResource( 1 )]
transform = Transform( 1, 0, -4.47035e-08, 0, 1, 0, 4.47035e-08, 0, 1, -0.31402, 0.0203491, -0.127481 )

[node name="gun_bullet2" parent="gun2/gun_bullet" instance=ExtResource( 1 )]
transform = Transform( 1, 0, -5.96046e-08, 0, 1, 0, 5.96046e-08, 0, 1, -0.059979, 0.00608349, 0.517519 )

[node name="gun_bullet" parent="gun2/gun_bullet/gun_bullet2" instance=ExtResource( 1 )]
transform = Transform( 1, 0, -2.98023e-08, 0, 1, 0, 2.98023e-08, 0, 1, 0.0971398, -0.00942445, 0.138447 )

[node name="gun_bullet" parent="gun2/gun_bullet/gun_bullet2/gun_bullet" instance=ExtResource( 1 )]
transform = Transform( 1, 0, -2.98023e-08, 0, 1, 0, 2.98023e-08, 0, 1, -0.0469155, 0.118149, -0.0543966 )

[node name="gun_bullet" parent="gun2/gun_bullet/gun_bullet2/gun_bullet/gun_bullet" instance=ExtResource( 1 )]
transform = Transform( 1, 0, -2.98023e-08, 0, 1, 0, 2.98023e-08, 0, 1, -0.157442, 0.028089, 0.104222 )

[node name="gun_bullet" parent="gun2/gun_bullet/gun_bullet2/gun_bullet/gun_bullet/gun_bullet" instance=ExtResource( 1 )]
transform = Transform( 1, 0, -2.98023e-08, 0, 1, 0, 2.98023e-08, 0, 1, 0.707294, -0.101942, 0.260483 )

[node name="gun_bullet" parent="gun2/gun_bullet/gun_bullet2/gun_bullet/gun_bullet/gun_bullet/gun_bullet" instance=ExtResource( 1 )]
transform = Transform( 1, 0, -2.98023e-08, 0, 1, 0, 2.98023e-08, 0, 1, -0.282879, -0.0238302, 0.522041 )

[node name="gun_bullet" parent="gun2/gun_bullet/gun_bullet2/gun_bullet/gun_bullet/gun_bullet/gun_bullet/gun_bullet" instance=ExtResource( 1 )]
transform = Transform( 1, 0, -2.98023e-08, 0, 1, 0, 2.98023e-08, 0, 1, -0.0738001, -0.00706887, -0.485799 )

[node name="gun_bullet2" parent="gun2/gun_bullet/gun_bullet2" instance=ExtResource( 1 )]
transform = Transform( 1, 0, -2.98023e-08, 0, 1, 0, 2.98023e-08, 0, 1, -0.104774, 0.00608349, 0.0716782 )

[node name="gun_bullet" parent="gun2/gun_bullet/gun_bullet2/gun_bullet2" instance=ExtResource( 1 )]
transform = Transform( 1, 0, -2.98023e-08, 0, 1, 0, 2.98023e-08, 0, 1, 0.0971398, -0.00942445, 0.138447 )

[node name="gun_bullet3" parent="gun2/gun_bullet/gun_bullet2" instance=ExtResource( 1 )]
transform = Transform( 1, 0, -2.98023e-08, 0, 1, 0, 2.98023e-08, 0, 1, -0.104775, 0.00608349, 0.0716782 )

[node name="gun_bullet" parent="gun2/gun_bullet/gun_bullet2/gun_bullet3" instance=ExtResource( 1 )]
transform = Transform( 1, 0, -2.98023e-08, 0, 1, 0, 2.98023e-08, 0, 1, 0.0971398, -0.00942445, 0.138447 )

[node name="gun_bullet2" parent="gun2/gun_bullet/gun_bullet2/gun_bullet3" instance=ExtResource( 1 )]
transform = Transform( 1, 0, -2.98023e-08, 0, 1, 0, 2.98023e-08, 0, 1, -0.104774, 0.00608349, 0.0716782 )

[node name="gun_bullet" parent="gun2/gun_bullet/gun_bullet2/gun_bullet3/gun_bullet2" instance=ExtResource( 1 )]
transform = Transform( 1, 0, -2.98023e-08, 0, 1, 0, 2.98023e-08, 0, 1, 0.0971398, -0.00942445, 0.138447 )

[node name="gun" parent="." instance=ExtResource( 2 )]
transform = Transform( -2.00622, 0, 3.4605, 0, 4, 0, -3.4605, 0, -2.00622, 15.2202, 0.0720692, -9.52027 )

[node name="gun_bullet" parent="gun" instance=ExtResource( 1 )]
transform = Transform( 0.10399, 0, -0.994578, 0, 1, 0, 0.994578, 0, 0.10399, 0.759201, -0.0880954, 0.0351906 )

[node name="gun_bullet" parent="gun/gun_bullet" instance=ExtResource( 1 )]
transform = Transform( 1, 0, -2.98023e-08, 0, 1, 0, 2.98023e-08, 0, 1, 0.0971398, 0.0203491, 0.138447 )

[node name="gun_bullet2" parent="gun/gun_bullet" instance=ExtResource( 1 )]
transform = Transform( 1, 0, -2.98023e-08, 0, 1, 0, 2.98023e-08, 0, 1, -0.104775, 0.00608349, 0.0716782 )

[node name="gun_bullet" parent="gun/gun_bullet/gun_bullet2" instance=ExtResource( 1 )]
transform = Transform( 1, 0, -2.98023e-08, 0, 1, 0, 2.98023e-08, 0, 1, 0.0971398, -0.00942445, 0.138447 )

[node name="gun_bullet" parent="gun/gun_bullet/gun_bullet2/gun_bullet" instance=ExtResource( 1 )]
transform = Transform( 1, 0, -2.98023e-08, 0, 1, 0, 2.98023e-08, 0, 1, -0.0469155, 0.118149, -0.0543966 )

[node name="gun_bullet" parent="gun/gun_bullet/gun_bullet2/gun_bullet/gun_bullet" instance=ExtResource( 1 )]
transform = Transform( 1, 0, -2.98023e-08, 0, 1, 0, 2.98023e-08, 0, 1, -0.157442, 0.028089, 0.104222 )

[node name="gun_bullet" parent="gun/gun_bullet/gun_bullet2/gun_bullet/gun_bullet/gun_bullet" instance=ExtResource( 1 )]
transform = Transform( 1, 0, -2.98023e-08, 0, 1, 0, 2.98023e-08, 0, 1, 0.707294, -0.101942, 0.260483 )

[node name="gun_bullet" parent="gun/gun_bullet/gun_bullet2/gun_bullet/gun_bullet/gun_bullet/gun_bullet" instance=ExtResource( 1 )]
transform = Transform( 1, 0, -2.98023e-08, 0, 1, 0, 2.98023e-08, 0, 1, -0.282879, -0.0238302, 0.522041 )

[node name="gun_bullet" parent="gun/gun_bullet/gun_bullet2/gun_bullet/gun_bullet/gun_bullet/gun_bullet/gun_bullet" instance=ExtResource( 1 )]
transform = Transform( 1, 0, -2.98023e-08, 0, 1, 0, 2.98023e-08, 0, 1, -0.0738001, -0.00706887, -0.485799 )

[node name="gun_bullet2" parent="gun/gun_bullet/gun_bullet2" instance=ExtResource( 1 )]
transform = Transform( 1, 0, -2.98023e-08, 0, 1, 0, 2.98023e-08, 0, 1, -0.104774, 0.00608349, 0.0716782 )

[node name="gun_bullet" parent="gun/gun_bullet/gun_bullet2/gun_bullet2" instance=ExtResource( 1 )]
transform = Transform( 1, 0, -2.98023e-08, 0, 1, 0, 2.98023e-08, 0, 1, 0.0971398, -0.00942445, 0.138447 )

[node name="gun_bullet3" parent="gun/gun_bullet/gun_bullet2" instance=ExtResource( 1 )]
transform = Transform( 1, 0, -2.98023e-08, 0, 1, 0, 2.98023e-08, 0, 1, -0.104775, 0.00608349, 0.0716782 )

[node name="gun_bullet" parent="gun/gun_bullet/gun_bullet2/gun_bullet3" instance=ExtResource( 1 )]
transform = Transform( 1, 0, -2.98023e-08, 0, 1, 0, 2.98023e-08, 0, 1, 0.0971398, -0.00942445, 0.138447 )

[node name="gun_bullet2" parent="gun/gun_bullet/gun_bullet2/gun_bullet3" instance=ExtResource( 1 )]
transform = Transform( 1, 0, -2.98023e-08, 0, 1, 0, 2.98023e-08, 0, 1, -0.104774, 0.00608349, 0.0716782 )

[node name="gun_bullet" parent="gun/gun_bullet/gun_bullet2/gun_bullet3/gun_bullet2" instance=ExtResource( 1 )]
transform = Transform( 1, 0, -2.98023e-08, 0, 1, 0, 2.98023e-08, 0, 1, 0.0971398, -0.00942445, 0.138447 )

[node name="barrel2" parent="." instance=ExtResource( 3 )]
transform = Transform( 0.536481, 0.0771763, 0.840378, -0.0442576, -0.991867, 0.119342, 0.842752, -0.101217, -0.528701, 14.2503, 0.902625, 8.48182 )

[node name="barrel2" parent="barrel2" instance=ExtResource( 3 )]
transform = Transform( 0.53648, 0.0771763, 0.840378, -0.0442576, -0.991867, 0.119342, 0.842753, -0.101217, -0.528701, -0.931207, 1.16959, 1.24919 )

[node name="barrel2" parent="barrel2/barrel2" instance=ExtResource( 3 )]
transform = Transform( -0.219201, 0.610059, -0.761435, 0.775738, 0.582306, 0.243225, 0.591767, -0.537356, -0.600883, -1.63951, 0.603937, 1.24844 )

[node name="barrel" parent="." instance=ExtResource( 3 )]
transform = Transform( -0.96853, 0.187739, -0.163421, -0.147901, 0.0939883, 0.984527, 0.200193, 0.977712, -0.0632635, -14.6895, 0.159877, 7.14498 )

[node name="barrel" parent="barrel" instance=ExtResource( 3 )]
transform = Transform( -0.968528, 0.187739, -0.163421, -0.147901, 0.0939882, 0.984526, 0.200193, 0.977711, -0.0632634, -1.09024, 0.473496, -0.345988 )

[node name="Gate1" parent="." instance=ExtResource( 5 )]
transform = Transform( -4.37114e-08, 0, -1, 0, 1, 0, 1, 0, -4.37114e-08, -13.7903, 0, 0.730324 )
score_color = Color( 0.933333, 0.0509804, 0.0509804, 1 )

[node name="Gate2" parent="." instance=ExtResource( 5 )]
transform = Transform( -4.37114e-08, 0, 1, 0, 1, 0, -1, 0, -4.37114e-08, 13.79, 0, 0.73 )
score_color = Color( 0.0392157, 0.188235, 1, 1 )

[node name="StaticBody" type="StaticBody" parent="."]
transform = Transform( -0.591915, 0, 0.806001, 0, 1, 0, -0.806001, 0, -0.591915, -13.1078, -0.00906563, 0.977494 )

[node name="barrels" parent="StaticBody" instance=ExtResource( 3 )]

[node name="barrel2" parent="StaticBody/barrels" instance=ExtResource( 3 )]
transform = Transform( 0.997011, 0, 0.0772759, 0, 1, 0, -0.0772759, 0, 0.997011, -0.0211439, 0.843518, 0.546652 )

[node name="barrel3" parent="StaticBody/barrels" instance=ExtResource( 3 )]
transform = Transform( 0.988059, 0, 0.15409, 0, 1, 0, -0.15409, 0, 0.988059, -0.594544, 0.768518, 0.95489 )

[node name="barrel4" parent="StaticBody/barrels" instance=ExtResource( 3 )]
transform = Transform( 0.993277, 0, 0.11577, 0, 1, 0, -0.11577, 0, 0.993277, -0.716505, -0.0271969, 1.36735 )

[node name="barrel5" parent="StaticBody/barrels" instance=ExtResource( 3 )]
transform = Transform( 0.981094, -0.0385906, 0.189656, 0.191801, 0.0627208, -0.979429, 0.0259015, 0.997285, 0.0689368, 0.73647, 0.299074, 0.268555 )

[node name="barrel6" parent="StaticBody/barrels" instance=ExtResource( 3 )]
transform = Transform( 0.993278, 0, 0.11577, 0, 1, 0, -0.11577, 0, 0.993278, 0.226589, 0.777584, 1.2035 )

[node name="barrel7" parent="StaticBody/barrels" instance=ExtResource( 3 )]
transform = Transform( 0.997011, 0, 0.077276, 0, 1, 0, -0.077276, 0, 0.997011, 0.0887728, -0.0181313, 1.61094 )

[node name="barrel8" parent="StaticBody/barrels" instance=ExtResource( 3 )]
transform = Transform( 0.99701, 0, 0.077276, 0, 1, 0, -0.077276, 0, 0.99701, -0.807536, -0.0181313, 0.565662 )

[node name="barrel" parent="StaticBody/barrels" instance=ExtResource( 3 )]
transform = Transform( 0.999253, 0, 0.0386669, 0, 1, 0, -0.0386669, 0, 0.999253, 0.0288076, -0.00906563, 0.806326 )

[node name="CollisionShape" type="CollisionShape" parent="StaticBody"]
transform = Transform( 0.590141, 0, 0.8073, 0, 1, 0, -0.8073, 0, 0.590141, -0.208298, 0, 0.845186 )
shape = SubResource( 2 )

[node name="StaticBody2" type="StaticBody" parent="."]
transform = Transform( 0.999162, 0, -0.0409164, 0, 1, 0, 0.0409164, 0, 0.999162, 13.3305, -0.0181313, -0.108046 )

[node name="barrels2" parent="StaticBody2" instance=ExtResource( 3 )]
transform = Transform( 1, 0, -3.72529e-09, 0, 1, 0, 3.72529e-09, 0, 1, 0, 0, 0 )

[node name="barrel2" parent="StaticBody2/barrels2" instance=ExtResource( 3 )]
transform = Transform( 0.285682, -0.800117, 0.527446, 0.843912, -0.0507498, -0.534077, 0.454092, 0.597693, 0.66073, -0.0211411, 1.29634, 0.546648 )

[node name="barrel3" parent="StaticBody2/barrels2" instance=ExtResource( 3 )]
transform = Transform( -0.16252, -0.625408, 0.763187, 0.689927, -0.624984, -0.365236, 0.705401, 0.467184, 0.533059, -1.22949, 0.845856, 0.896929 )

[node name="barrel4" parent="StaticBody2/barrels2" instance=ExtResource( 3 )]
transform = Transform( 0.993278, 0, 0.11577, 0, 1, 0, -0.11577, 0, 0.993278, -0.701767, -0.0271972, 1.35678 )

[node name="barrel5" parent="StaticBody2/barrels2" instance=ExtResource( 3 )]
transform = Transform( 0.981094, -0.0385906, 0.189656, 0.191801, 0.0627208, -0.979429, 0.0259015, 0.997285, 0.0689368, 0.73647, 0.299074, 0.268555 )

[node name="barrel6" parent="StaticBody2/barrels2" instance=ExtResource( 3 )]
transform = Transform( 0.993278, 0, 0.11577, 0, 1, 0, -0.11577, 0, 0.993278, 0.226589, 0.777584, 1.2035 )

[node name="barrel7" parent="StaticBody2/barrels2" instance=ExtResource( 3 )]
transform = Transform( 0.997011, 0, 0.077276, 0, 1, 0, -0.077276, 0, 0.997011, 0.0887728, -0.0181313, 1.61094 )

[node name="barrel8" parent="StaticBody2/barrels2" instance=ExtResource( 3 )]
transform = Transform( 0.99701, 0, 0.077276, 0, 1, 0, -0.077276, 0, 0.99701, -0.807536, -0.0181313, 0.565662 )

[node name="barrel" parent="StaticBody2/barrels2" instance=ExtResource( 3 )]
transform = Transform( 0.999253, 0, 0.0386669, 0, 1, 0, -0.0386669, 0, 0.999253, 0.0288076, -0.00906563, 0.806326 )

[node name="CollisionShape" type="CollisionShape" parent="StaticBody2"]
transform = Transform( 0.99948, 0, 0.0322481, 0, 1, 0, -0.0322481, 0, 0.99948, 0.0153103, 0, 0.373832 )
shape = SubResource( 3 )

[node name="Rocks" type="Spatial" parent="."]
transform = Transform( 1, 0, 0, 0, 1, 0, 0, 0, 1, 0, 0.0827026, 0 )

[node name="Rock" parent="Rocks" instance=ExtResource( 4 )]
transform = Transform( 1, 0, 0, 0, 1, 0, 0, 0, 1, -12.613, -0.824944, 5.85618 )

[node name="Rock2" parent="Rocks" instance=ExtResource( 4 )]
transform = Transform( 1, 0, 0, 0, 1, 0, 0, 0, 1, -12.613, -0.824944, 4.82248 )

[node name="Rock3" parent="Rocks" instance=ExtResource( 4 )]
transform = Transform( 1, 0, 0, 0, 1, 0, 0, 0, 1, -12.613, -0.824944, 3.81182 )

[node name="Rock4" parent="Rocks" instance=ExtResource( 4 )]
transform = Transform( 1, 0, 0, 0, 1, 0, 0, 0, 1, -12.613, -0.824944, 2.7943 )

[node name="Rock5" parent="Rocks" instance=ExtResource( 4 )]
transform = Transform( 1, 0, 0, 0, 1, 0, 0, 0, 1, -12.613, -0.824944, -1.44452 )

[node name="Rock6" parent="Rocks" instance=ExtResource( 4 )]
transform = Transform( 1, 0, 0, 0, 1, 0, 0, 0, 1, -12.613, -0.824944, -2.47823 )

[node name="Rock7" parent="Rocks" instance=ExtResource( 4 )]
transform = Transform( 1, 0, 0, 0, 1, 0, 0, 0, 1, -12.613, -0.824944, -3.48889 )

[node name="Rock8" parent="Rocks" instance=ExtResource( 4 )]
transform = Transform( 1, 0, 0, 0, 1, 0, 0, 0, 1, -12.613, -0.824944, -4.5064 )

[node name="Rocks2" type="Spatial" parent="."]
transform = Transform( 1, 0, 0, 0, 1, 0, 0, 0, 1, 25.259, 0.0827026, 0 )

[node name="Rock" parent="Rocks2" instance=ExtResource( 4 )]
transform = Transform( 1, 0, 0, 0, 1, 0, 0, 0, 1, -12.613, -0.824944, 5.85618 )

[node name="Rock2" parent="Rocks2" instance=ExtResource( 4 )]
transform = Transform( 1, 0, 0, 0, 1, 0, 0, 0, 1, -12.613, -0.824944, 4.82248 )

[node name="Rock3" parent="Rocks2" instance=ExtResource( 4 )]
transform = Transform( 1, 0, 0, 0, 1, 0, 0, 0, 1, -12.613, -0.824944, 3.81182 )

[node name="Rock4" parent="Rocks2" instance=ExtResource( 4 )]
transform = Transform( 1, 0, 0, 0, 1, 0, 0, 0, 1, -12.613, -0.824944, 2.7943 )

[node name="Rock5" parent="Rocks2" instance=ExtResource( 4 )]
transform = Transform( 1, 0, 0, 0, 1, 0, 0, 0, 1, -12.613, -0.824944, -1.44452 )

[node name="Rock6" parent="Rocks2" instance=ExtResource( 4 )]
transform = Transform( 1, 0, 0, 0, 1, 0, 0, 0, 1, -12.613, -0.824944, -2.47823 )

[node name="Rock7" parent="Rocks2" instance=ExtResource( 4 )]
transform = Transform( 1, 0, 0, 0, 1, 0, 0, 0, 1, -12.613, -0.824944, -3.48889 )

[node name="Rock8" parent="Rocks2" instance=ExtResource( 4 )]
transform = Transform( 1, 0, 0, 0, 1, 0, 0, 0, 1, -12.613, -0.824944, -4.5064 )

[node name="Mountain" parent="." instance=ExtResource( 7 )]
transform = Transform( 1.19573, 0, 0, 0, 1, 0, 0, 0, 0.820025, 1.64265, 3.6, 0 )

[node name="River" parent="." instance=ExtResource( 8 )]
transform = Transform( 1.19573, 0, 0, 0, 0.871463, -0.42644, 0, 0.487806, 0.702273, -5.86321, -0.512591, -13.2104 )
