[gd_scene load_steps=7 format=2]

[ext_resource path="res://objects/lava_text.jpg" type="Texture" id=1]
[ext_resource path="res://objects/new.fbx" type="PackedScene" id=2]
[ext_resource path="res://objects/level/rock_block/rock_floor_text.jpg" type="Texture" id=3]

[sub_resource type="SpatialMaterial" id=3]
albedo_texture = ExtResource( 3 )

[sub_resource type="Shader" id=1]
code = "shader_type spatial;
render_mode unshaded;

uniform vec2 direction_and_speed = vec2(0.25, 0.00);
uniform vec2 scale = vec2 (1.0);
uniform bool flip = false;
uniform sampler2D albedo : hint_albedo;

void fragment()
{
	vec2 uv= UV * scale - direction_and_speed * TIME ;
	if (flip) { uv = 1.0 - uv;}
	ALBEDO = texture (albedo, uv).rgb;
	 
}"

[sub_resource type="ShaderMaterial" id=2]
shader = SubResource( 1 )
shader_param/direction_and_speed = Vector2( 0, 0.05 )
shader_param/scale = Vector2( 5, 5 )
shader_param/flip = false
shader_param/albedo = ExtResource( 1 )

[node name="new" instance=ExtResource( 2 )]

[node name="Plane" parent="RootNode" index="0"]
material/0 = SubResource( 3 )

[node name="river1" parent="RootNode" index="1"]
material/0 = SubResource( 2 )

[node name="SpotLight" type="SpotLight" parent="RootNode" index="3"]
transform = Transform( 1, 0, 0, 0, -0.12135, 0.99261, 0, -0.99261, -0.12135, 5.82063, 5.98275, -19.757 )
light_color = Color( 0.87451, 0.392157, 0.0392157, 1 )
light_energy = 16.0
light_indirect_energy = 13.564
light_specular = 0.607
spot_range = 5.591

[node name="SpotLight2" type="SpotLight" parent="RootNode" index="4"]
transform = Transform( 1, 0, 0, 0, -0.12135, 0.99261, 0, -0.99261, -0.12135, 2.54241, 4.98463, -17.6326 )
light_color = Color( 0.87451, 0.392157, 0.0392157, 1 )
light_energy = 16.0
light_indirect_energy = 13.564
light_specular = 0.607
spot_range = 5.591

[node name="SpotLight3" type="SpotLight" parent="RootNode" index="5"]
transform = Transform( 1, 0, 0, 0, -0.12135, 0.99261, 0, -0.99261, -0.12135, -1.19595, 4.30199, -16.2314 )
light_color = Color( 0.87451, 0.392157, 0.0392157, 1 )
light_energy = 16.0
light_indirect_energy = 13.564
light_specular = 0.607
spot_range = 5.591

[node name="SpotLight4" type="SpotLight" parent="RootNode" index="6"]
transform = Transform( 1, 0, 0, 0, 0.135629, 0.99076, 0, -0.99076, 0.135629, -5.00097, 2.87971, -14.0677 )
light_color = Color( 0.87451, 0.392157, 0.0392157, 1 )
light_energy = 16.0
light_indirect_energy = 13.564
light_specular = 0.607
spot_range = 5.591

[node name="SpotLight5" type="SpotLight" parent="RootNode" index="7"]
transform = Transform( 1, 0, 0, 0, -0.12135, 0.99261, 0, -0.99261, -0.12135, -8.43114, 0.87254, -13.7388 )
light_color = Color( 0.87451, 0.392157, 0.0392157, 1 )
light_energy = 16.0
light_indirect_energy = 13.564
light_specular = 0.607
spot_range = 5.591

[node name="SpotLight6" type="SpotLight" parent="RootNode" index="8"]
transform = Transform( 1, 0, 0, 0, -0.12135, 0.99261, 0, -0.99261, -0.12135, -11.967, 0.991833, -13.0366 )
light_color = Color( 0.87451, 0.392157, 0.0392157, 1 )
light_energy = 16.0
light_indirect_energy = 13.564
light_specular = 0.607
spot_range = 6.8005
spot_angle = 49.2187

[node name="SpotLight7" type="SpotLight" parent="RootNode" index="9"]
transform = Transform( 1, 0, 0, 0, -0.12135, 0.99261, 0, -0.99261, -0.12135, -17.0678, 0.87254, -11.8688 )
light_color = Color( 0.87451, 0.392157, 0.0392157, 1 )
light_energy = 16.0
light_indirect_energy = 13.564
light_specular = 0.607
spot_range = 9.68313
spot_angle = 41.7527
